service_id,monday,tuesday,wednesday,thursday,friday,saturday,sunday,start_date,end_date                                                               ,download_date
1001J,0,0,0,1,0,0,0,20261029,20261029                                                                                                                 ,2026-10-10
1002V,0,0,0,0,1,0,0,20261030,20261030                                                                                                                 ,2026-10-10
1003S,0,0,0,0,0,1,0,20261031,20261031                                                                                                                 ,2026-10-10
1004D,0,0,0,0,0,0,1,20261101,20261101                                                                                                                 ,2026-10-10
1005L,1,0,0,0,0,0,0,20261102,20261102                                                                                                                 ,2026-10-10
1006M,0,1,0,0,0,0,0,20261103,20261103                                                                                                                 ,2026-10-10
1007X,0,0,1,0,0,0,0,20261104,20261104                                                                                                                 ,2026-10-10
1008J,0,0,0,1,0,0,0,20261105,20261105                                                                                                                 ,2026-10-10
1009V,0,0,0,0,1,0,0,20261106,20261106                                                                                                                 ,2026-10-10
1010S,0,0,0,0,0,1,0,20261107,20261107                                                                                                                 ,2026-10-10
1011D,0,0,0,0,0,0,1,20261108,20261108                                                                                                                 ,2026-10-10
1081S,0,0,0,0,0,1,0,20261010,20261010                                                                                                                 ,2026-10-10
1082D,0,0,0,0,0,0,1,20261011,20261011                                                                                                                 ,2026-10-10
1083L,1,0,0,0,0,0,0,20261012,20261012                                                                                                                 ,2026-10-10
1084M,0,1,0,0,0,0,0,20261013,20261013                                                                                                                 ,2026-10-10
1085X,0,0,1,0,0,0,0,20261014,20261014                                                                                                                 ,2026-10-10
1086J,0,0,0,1,0,0,0,20261015,20261015                                                                                                                 ,2026-10-10
1087V,0,0,0,0,1,0,0,20261016,20261016                                                                                                                 ,2026-10-10
1088S,0,0,0,0,0,1,0,20261017,20261017                                                                                                                 ,2026-10-10
1089D,0,0,0,0,0,0,1,20261018,20261018                                                                                                                 ,2026-10-10
1090L,1,0,0,0,0,0,0,20261019,20261019                                                                                                                 ,2026-10-10
1091M,0,1,0,0,0,0,0,20261020,20261020                                                                                                                 ,2026-10-10
1092X,0,0,1,0,0,0,0,20261021,20261021                                                                                                                 ,2026-10-10
1093J,0,0,0,1,0,0,0,20261022,20261022                                                                                                                 ,2026-10-10
1094V,0,0,0,0,1,0,0,20261023,20261023                                                                                                                 ,2026-10-10
1095S,0,0,0,0,0,1,0,20261024,20261024                                                                                                                 ,2026-10-10
1096D,0,0,0,0,0,0,1,20261025,20261025                                                                                                                 ,2026-10-10
1097L,1,0,0,0,0,0,0,20261026,20261026                                                                                                                 ,2026-10-10
1098M,0,1,0,0,0,0,0,20261027,20261027                                                                                                                 ,2026-10-10
1099X,0,0,1,0,0,0,0,20261028,20261028                                                                                                                 ,2026-10-10
2001J,0,0,0,1,0,0,0,20261029,20261029                                                                                                                 ,2026-10-10
2002V,0,0,0,0,1,0,0,20261030,20261030                                                                                                                 ,2026-10-10
2003S,0,0,0,0,0,1,0,20261031,20261031                                                                                                                 ,2026-10-10
2004D,0,0,0,0,0,0,1,20261101,20261101                                                                                                                 ,2026-10-10
2005L,1,0,0,0,0,0,0,20261102,20261102                                                                                                                 ,2026-10-10
2006M,0,1,0,0,0,0,0,20261103,20261103                                                                                                                 ,2026-10-10
2007X,0,0,1,0,0,0,0,20261104,20261104                                                                                                                 ,2026-10-10
2008J,0,0,0,1,0,0,0,20261105,20261105                                                                                                                 ,2026-10-10
2009V,0,0,0,0,1,0,0,20261106,20261106                                                                                                                 ,2026-10-10
2010S,0,0,0,0,0,1,0,20261107,20261107                                                                                                                 ,2026-10-10
2011D,0,0,0,0,0,0,1,20261108,20261108                                                                                                                 ,2026-10-10
2081S,0,0,0,0,0,1,0,20261010,20261010                                                                                                                 ,2026-10-10
2082D,0,0,0,0,0,0,1,20261011,20261011                                                                                                                 ,2026-10-10
2083L,1,0,0,0,0,0,0,20261012,20261012                                                                                                                 ,2026-10-10
2084M,0,1,0,0,0,0,0,20261013,20261013                                                                                                                 ,2026-10-10
2085X,0,0,1,0,0,0,0,20261014,20261014                                                                                                                 ,2026-10-10
2086J,0,0,0,1,0,0,0,20261015,20261015                                                                                                                 ,2026-10-10
2087V,0,0,0,0,1,0,0,20261016,20261016                                                                                                                 ,2026-10-10
2088S,0,0,0,0,0,1,0,20261017,20261017                                                                                                                 ,2026-10-10
2089D,0,0,0,0,0,0,1,20261018,20261018                                                                                                                 ,2026-10-10
2090L,1,0,0,0,0,0,0,20261019,20261019                                                                                                                 ,2026-10-10
2091M,0,1,0,0,0,0,0,20261020,20261020                                                                                                                 ,2026-10-10
2092X,0,0,1,0,0,0,0,20261021,20261021                                                                                                                 ,2026-10-10
2093J,0,0,0,1,0,0,0,20261022,20261022                                                                                                                 ,2026-10-10
2094V,0,0,0,0,1,0,0,20261023,20261023                                                                                                                 ,2026-10-10
2095S,0,0,0,0,0,1,0,20261024,20261024                                                                                                                 ,2026-10-10
2096D,0,0,0,0,0,0,1,20261025,20261025                                                                                                                 ,2026-10-10
2097L,1,0,0,0,0,0,0,20261026,20261026                                                                                                                 ,2026-10-10
2098M,0,1,0,0,0,0,0,20261027,20261027                                                                                                                 ,2026-10-10
2099X,0,0,1,0,0,0,0,20261028,20261028                                                                                                                 ,2026-10-10
3001J,0,0,0,1,0,0,0,20261029,20261029                                                                                                                 ,2026-10-10
3002V,0,0,0,0,1,0,0,20261030,20261030                                                                                                                 ,2026-10-10
3003S,0,0,0,0,0,1,0,20261031,20261031                                                                                                                 ,2026-10-10
3004D,0,0,0,0,0,0,1,20261101,20261101                                                                                                                 ,2026-10-10
3005L,1,0,0,0,0,0,0,20261102,20261102                                                                                                                 ,2026-10-10
3006M,0,1,0,0,0,0,0,20261103,20261103                                                                                                                 ,2026-10-10
3007X,0,0,1,0,0,0,0,20261104,20261104                                                                                                                 ,2026-10-10
3008J,0,0,0,1,0,0,0,20261105,20261105                                                                                                                 ,2026-10-10
3009V,0,0,0,0,1,0,0,20261106,20261106                                                                                                                 ,2026-10-10
3010S,0,0,0,0,0,1,0,20261107,20261107                                                                                                                 ,2026-10-10
3011D,0,0,0,0,0,0,1,20261108,20261108                                                                                                                 ,2026-10-10
3081S,0,0,0,0,0,1,0,20261010,20261010                                                                                                                 ,2026-10-10
3082D,0,0,0,0,0,0,1,20261011,20261011                                                                                                                 ,2026-10-10
3083L,1,0,0,0,0,0,0,20261012,20261012                                                                                                                 ,2026-10-10
3084M,0,1,0,0,0,0,0,20261013,20261013                                                                                                                 ,2026-10-10
3085X,0,0,1,0,0,0,0,20261014,20261014                                                                                                                 ,2026-10-10
3086J,0,0,0,1,0,0,0,20261015,20261015                                                                                                                 ,2026-10-10
3087V,0,0,0,0,1,0,0,20261016,20261016                                                                                                                 ,2026-10-10
3088S,0,0,0,0,0,1,0,20261017,20261017                                                                                                                 ,2026-10-10
3089D,0,0,0,0,0,0,1,20261018,20261018                                                                                                                 ,2026-10-10
3090L,1,0,0,0,0,0,0,20261019,20261019                                                                                                                 ,2026-10-10
3091M,0,1,0,0,0,0,0,20261020,20261020                                                                                                                 ,2026-10-10
3092X,0,0,1,0,0,0,0,20261021,20261021                                                                                                                 ,2026-10-10
3093J,0,0,0,1,0,0,0,20261022,20261022                                                                                                                 ,2026-10-10
3094V,0,0,0,0,1,0,0,20261023,20261023                                                                                                                 ,2026-10-10
3095S,0,0,0,0,0,1,0,20261024,20261024                                                                                                                 ,2026-10-10
3096D,0,0,0,0,0,0,1,20261025,20261025                                                                                                                 ,2026-10-10
3097L,1,0,0,0,0,0,0,20261026,20261026                                                                                                                 ,2026-10-10
3098M,0,1,0,0,0,0,0,20261027,20261027                                                                                                                 ,2026-10-10
3099X,0,0,1,0,0,0,0,20261028,20261028                                                                                                                 ,2026-10-10
3101J,0,0,0,1,0,0,0,20261029,20261029                                                                                                                 ,2026-10-10
3102V,0,0,0,0,1,0,0,20261030,20261030                                                                                                                 ,2026-10-10
3103S,0,0,0,0,0,1,0,20261031,20261031                                                                                                                 ,2026-10-10
3104D,0,0,0,0,0,0,1,20261101,20261101                                                                                                                 ,2026-10-10
3105L,1,0,0,0,0,0,0,20261102,20261102                                                                                                                 ,2026-10-10
3106M,0,1,0,0,0,0,0,20261103,20261103                                                                                                                 ,2026-10-10
3107X,0,0,1,0,0,0,0,20261104,20261104                                                                                                                 ,2026-10-10
3108J,0,0,0,1,0,0,0,20261105,20261105                                                                                                                 ,2026-10-10
3109V,0,0,0,0,1,0,0,20261106,20261106                                                                                                                 ,2026-10-10
3110S,0,0,0,0,0,1,0,20261107,20261107                                                                                                                 ,2026-10-10
3111D,0,0,0,0,0,0,1,20261108,20261108                                                                                                                 ,2026-10-10
3181S,0,0,0,0,0,1,0,20261010,20261010                                                                                                                 ,2026-10-10
3182D,0,0,0,0,0,0,1,20261011,20261011                                                                                                                 ,2026-10-10
3183L,1,0,0,0,0,0,0,20261012,20261012                                                                                                                 ,2026-10-10
3184M,0,1,0,0,0,0,0,20261013,20261013                                                                                                                 ,2026-10-10
3185X,0,0,1,0,0,0,0,20261014,20261014                                                                                                                 ,2026-10-10
3186J,0,0,0,1,0,0,0,20261015,20261015                                                                                                                 ,2026-10-10
3187V,0,0,0,0,1,0,0,20261016,20261016                                                                                                                 ,2026-10-10
3188S,0,0,0,0,0,1,0,20261017,20261017                                                                                                                 ,2026-10-10
3189D,0,0,0,0,0,0,1,20261018,20261018                                                                                                                 ,2026-10-10
3190L,1,0,0,0,0,0,0,20261019,20261019                                                                                                                 ,2026-10-10
3191M,0,1,0,0,0,0,0,20261020,20261020                                                                                                                 ,2026-10-10
3192X,0,0,1,0,0,0,0,20261021,20261021                                                                                                                 ,2026-10-10
3193J,0,0,0,1,0,0,0,20261022,20261022                                                                                                                 ,2026-10-10
3194V,0,0,0,0,1,0,0,20261023,20261023                                                                                                                 ,2026-10-10
3195S,0,0,0,0,0,1,0,20261024,20261024                                                                                                                 ,2026-10-10
3196D,0,0,0,0,0,0,1,20261025,20261025                                                                                                                 ,2026-10-10
3197L,1,0,0,0,0,0,0,20261026,20261026                                                                                                                 ,2026-10-10
3198M,0,1,0,0,0,0,0,20261027,20261027                                                                                                                 ,2026-10-10
3199X,0,0,1,0,0,0,0,20261028,20261028                                                                                                                 ,2026-10-10
3201J,0,0,0,1,0,0,0,20261029,20261029                                                                                                                 ,2026-10-10
3202V,0,0,0,0,1,0,0,20261030,20261030                                                                                                                 ,2026-10-10
3203S,0,0,0,0,0,1,0,20261031,20261031                                                                                                                 ,2026-10-10
3204D,0,0,0,0,0,0,1,20261101,20261101                                                                                                                 ,2026-10-10
3205L,1,0,0,0,0,0,0,20261102,20261102                                                                                                                 ,2026-10-10
3206M,0,1,0,0,0,0,0,20261103,20261103                                                                                                                 ,2026-10-10
3207X,0,0,1,0,0,0,0,20261104,20261104                                                                                                                 ,2026-10-10
3208J,0,0,0,1,0,0,0,20261105,20261105                                                                                                                 ,2026-10-10
3209V,0,0,0,0,1,0,0,20261106,20261106                                                                                                                 ,2026-10-10
3210S,0,0,0,0,0,1,0,20261107,20261107                                                                                                                 ,2026-10-10
3211D,0,0,0,0,0,0,1,20261108,20261108                                                                                                                 ,2026-10-10
3281S,0,0,0,0,0,1,0,20261010,20261010                                                                                                                 ,2026-10-10
3282D,0,0,0,0,0,0,1,20261011,20261011                                                                                                                 ,2026-10-10
3283L,1,0,0,0,0,0,0,20261012,20261012                                                                                                                 ,2026-10-10
3284M,0,1,0,0,0,0,0,20261013,20261013                                                                                                                 ,2026-10-10
3285X,0,0,1,0,0,0,0,20261014,20261014                                                                                                                 ,2026-10-10
3286J,0,0,0,1,0,0,0,20261015,20261015                                                                                                                 ,2026-10-10
3287V,0,0,0,0,1,0,0,20261016,20261016                                                                                                                 ,2026-10-10
3288S,0,0,0,0,0,1,0,20261017,20261017                                                                                                                 ,2026-10-10
3289D,0,0,0,0,0,0,1,20261018,20261018                                                                                                                 ,2026-10-10
3290L,1,0,0,0,0,0,0,20261019,20261019                                                                                                                 ,2026-10-10
3291M,0,1,0,0,0,0,0,20261020,20261020                                                                                                                 ,2026-10-10
3292X,0,0,1,0,0,0,0,20261021,20261021                                                                                                                 ,2026-10-10
3293J,0,0,0,1,0,0,0,20261022,20261022                                                                                                                 ,2026-10-10
3294V,0,0,0,0,1,0,0,20261023,20261023                                                                                                                 ,2026-10-10
3295S,0,0,0,0,0,1,0,20261024,20261024                                                                                                                 ,2026-10-10
3296D,0,0,0,0,0,0,1,20261025,20261025                                                                                                                 ,2026-10-10
3297L,1,0,0,0,0,0,0,20261026,20261026                                                                                                                 ,2026-10-10
3298M,0,1,0,0,0,0,0,20261027,20261027                                                                                                                 ,2026-10-10
3299X,0,0,1,0,0,0,0,20261028,20261028                                                                                                                 ,2026-10-10
4001J,0,0,0,1,0,0,0,20261029,20261029                                                                                                                 ,2026-10-10
4002V,0,0,0,0,1,0,0,20261030,20261030                                                                                                                 ,2026-10-10
4003S,0,0,0,0,0,1,0,20261031,20261031                                                                                                                 ,2026-10-10
4004D,0,0,0,0,0,0,1,20261101,20261101                                                                                                                 ,2026-10-10
4005L,1,0,0,0,0,0,0,20261102,20261102                                                                                                                 ,2026-10-10
4006M,0,1,0,0,0,0,0,20261103,20261103                                                                                                                 ,2026-10-10
4007X,0,0,1,0,0,0,0,20261104,20261104                                                                                                                 ,2026-10-10
4008J,0,0,0,1,0,0,0,20261105,20261105                                                                                                                 ,2026-10-10
4009V,0,0,0,0,1,0,0,20261106,20261106                                                                                                                 ,2026-10-10
4010S,0,0,0,0,0,1,0,20261107,20261107                                                                                                                 ,2026-10-10
4011D,0,0,0,0,0,0,1,20261108,20261108                                                                                                                 ,2026-10-10
4081S,0,0,0,0,0,1,0,20261010,20261010                                                                                                                 ,2026-10-10
4082D,0,0,0,0,0,0,1,20261011,20261011                                                                                                                 ,2026-10-10
4083L,1,0,0,0,0,0,0,20261012,20261012                                                                                                                 ,2026-10-10
4084M,0,1,0,0,0,0,0,20261013,20261013                                                                                                                 ,2026-10-10
4085X,0,0,1,0,0,0,0,20261014,20261014                                                                                                                 ,2026-10-10
4086J,0,0,0,1,0,0,0,20261015,20261015                                                                                                                 ,2026-10-10
4087V,0,0,0,0,1,0,0,20261016,20261016                                                                                                                 ,2026-10-10
4088S,0,0,0,0,0,1,0,20261017,20261017                                                                                                                 ,2026-10-10
4089D,0,0,0,0,0,0,1,20261018,20261018                                                                                                                 ,2026-10-10
4090L,1,0,0,0,0,0,0,20261019,20261019                                                                                                                 ,2026-10-10
4091M,0,1,0,0,0,0,0,20261020,20261020                                                                                                                 ,2026-10-10
4092X,0,0,1,0,0,0,0,20261021,20261021                                                                                                                 ,2026-10-10
4093J,0,0,0,1,0,0,0,20261022,20261022                                                                                                                 ,2026-10-10
4094V,0,0,0,0,1,0,0,20261023,20261023                                                                                                                 ,2026-10-10
4095S,0,0,0,0,0,1,0,20261024,20261024                                                                                                                 ,2026-10-10
4096D,0,0,0,0,0,0,1,20261025,20261025                                                                                                                 ,2026-10-10
4097L,1,0,0,0,0,0,0,20261026,20261026                                                                                                                 ,2026-10-10
4098M,0,1,0,0,0,0,0,20261027,20261027                                                                                                                 ,2026-10-10
4099X,0,0,1,0,0,0,0,20261028,20261028                                                                                                                 ,2026-10-10
4101J,0,0,0,1,0,0,0,20261029,20261029                                                                                                                 ,2026-10-10
4102V,0,0,0,0,1,0,0,20261030,20261030                                                                                                                 ,2026-10-10
4103S,0,0,0,0,0,1,0,20261031,20261031                                                                                                                 ,2026-10-10
4104D,0,0,0,0,0,0,1,20261101,20261101                                                                                                                 ,2026-10-10
4105L,1,0,0,0,0,0,0,20261102,20261102                                                                                                                 ,2026-10-10
4106M,0,1,0,0,0,0,0,20261103,20261103                                                                                                                 ,2026-10-10
4107X,0,0,1,0,0,0,0,20261104,20261104                                                                                                                 ,2026-10-10
4108J,0,0,0,1,0,0,0,20261105,20261105                                                                                                                 ,2026-10-10
4109V,0,0,0,0,1,0,0,20261106,20261106                                                                                                                 ,2026-10-10
4110S,0,0,0,0,0,1,0,20261107,20261107                                                                                                                 ,2026-10-10
4111D,0,0,0,0,0,0,1,20261108,20261108                                                                                                                 ,2026-10-10
4181S,0,0,0,0,0,1,0,20261010,20261010                                                                                                                 ,2026-10-10
4182D,0,0,0,0,0,0,1,20261011,20261011                                                                                                                 ,2026-10-10
4183L,1,0,0,0,0,0,0,20261012,20261012                                                                                                                 ,2026-10-10
4184M,0,1,0,0,0,0,0,20261013,20261013                                                                                                                 ,2026-10-10
4185X,0,0,1,0,0,0,0,20261014,20261014                                                                                                                 ,2026-10-10
4186J,0,0,0,1,0,0,0,20261015,20261015                                                                                                                 ,2026-10-10
4187V,0,0,0,0,1,0,0,20261016,20261016                                                                                                                 ,2026-10-10
4188S,0,0,0,0,0,1,0,20261017,20261017                                                                                                                 ,2026-10-10
4189D,0,0,0,0,0,0,1,20261018,20261018                                                                                                                 ,2026-10-10
4190L,1,0,0,0,0,0,0,20261019,20261019                                                                                                                 ,2026-10-10
4191M,0,1,0,0,0,0,0,20261020,20261020                                                                                                                 ,2026-10-10
4192X,0,0,1,0,0,0,0,20261021,20261021                                                                                                                 ,2026-10-10
4193J,0,0,0,1,0,0,0,20261022,20261022                                                                                                                 ,2026-10-10
4194V,0,0,0,0,1,0,0,20261023,20261023                                                                                                                 ,2026-10-10
4195S,0,0,0,0,0,1,0,20261024,20261024                                                                                                                 ,2026-10-10
4196D,0,0,0,0,0,0,1,20261025,20261025                                                                                                                 ,2026-10-10
4197L,1,0,0,0,0,0,0,20261026,20261026                                                                                                                 ,2026-10-10
4198M,0,1,0,0,0,0,0,20261027,20261027                                                                                                                 ,2026-10-10
4199X,0,0,1,0,0,0,0,20261028,20261028                                                                                                                 ,2026-10-10
4501J,0,0,0,1,0,0,0,20261029,20261029                                                                                                                 ,2026-10-10
4502V,0,0,0,0,1,0,0,20261030,20261030                                                                                                                 ,2026-10-10
4503S,0,0,0,0,0,1,0,20261031,20261031                                                                                                                 ,2026-10-10
4504D,0,0,0,0,0,0,1,20261101,20261101                                                                                                                 ,2026-10-10
4505L,1,0,0,0,0,0,0,20261102,20261102                                                                                                                 ,2026-10-10
4506M,0,1,0,0,0,0,0,20261103,20261103                                                                                                                 ,2026-10-10
4507X,0,0,1,0,0,0,0,20261104,20261104                                                                                                                 ,2026-10-10
4508J,0,0,0,1,0,0,0,20261105,20261105                                                                                                                 ,2026-10-10
4509V,0,0,0,0,1,0,0,20261106,20261106                                                                                                                 ,2026-10-10
4510S,0,0,0,0,0,1,0,20261107,20261107                                                                                                                 ,2026-10-10
4511D,0,0,0,0,0,0,1,20261108,20261108                                                                                                                 ,2026-10-10
4581S,0,0,0,0,0,1,0,20261010,20261010                                                                                                                 ,2026-10-10
4582D,0,0,0,0,0,0,1,20261011,20261011                                                                                                                 ,2026-10-10
4583L,1,0,0,0,0,0,0,20261012,20261012                                                                                                                 ,2026-10-10
4584M,0,1,0,0,0,0,0,20261013,20261013                                                                                                                 ,2026-10-10
4585X,0,0,1,0,0,0,0,20261014,20261014                                                                                                                 ,2026-10-10
4586J,0,0,0,1,0,0,0,20261015,20261015                                                                                                                 ,2026-10-10
4587V,0,0,0,0,1,0,0,20261016,20261016                                                                                                                 ,2026-10-10
4588S,0,0,0,0,0,1,0,20261017,20261017                                                                                                                 ,2026-10-10
4589D,0,0,0,0,0,0,1,20261018,20261018                                                                                                                 ,2026-10-10
4590L,1,0,0,0,0,0,0,20261019,20261019                                                                                                                 ,2026-10-10
4591M,0,1,0,0,0,0,0,20261020,20261020                                                                                                                 ,2026-10-10
4592X,0,0,1,0,0,0,0,20261021,20261021                                                                                                                 ,2026-10-10
4593J,0,0,0,1,0,0,0,20261022,20261022                                                                                                                 ,2026-10-10
4594V,0,0,0,0,1,0,0,20261023,20261023                                                                                                                 ,2026-10-10
4595S,0,0,0,0,0,1,0,20261024,20261024                                                                                                                 ,2026-10-10
4596D,0,0,0,0,0,0,1,20261025,20261025                                                                                                                 ,2026-10-10
4597L,1,0,0,0,0,0,0,20261026,20261026                                                                                                                 ,2026-10-10
4598M,0,1,0,0,0,0,0,20261027,20261027                                                                                                                 ,2026-10-10
4599X,0,0,1,0,0,0,0,20261028,20261028                                                                                                                 ,2026-10-10
4601J,0,0,0,1,0,0,0,20261029,20261029                                                                                                                 ,2026-10-10
4602V,0,0,0,0,1,0,0,20261030,20261030                                                                                                                 ,2026-10-10
4603S,0,0,0,0,0,1,0,20261031,20261031                                                                                                                 ,2026-10-10
4604D,0,0,0,0,0,0,1,20261101,20261101                                                                                                                 ,2026-10-10
4605L,1,0,0,0,0,0,0,20261102,20261102                                                                                                                 ,2026-10-10
4606M,0,1,0,0,0,0,0,20261103,20261103                                                                                                                 ,2026-10-10
4607X,0,0,1,0,0,0,0,20261104,20261104                                                                                                                 ,2026-10-10
4608J,0,0,0,1,0,0,0,20261105,20261105                                                                                                                 ,2026-10-10
4609V,0,0,0,0,1,0,0,20261106,20261106                                                                                                                 ,2026-10-10
4610S,0,0,0,0,0,1,0,20261107,20261107                                                                                                                 ,2026-10-10
4611D,0,0,0,0,0,0,1,20261108,20261108                                                                                                                 ,2026-10-10
4681S,0,0,0,0,0,1,0,20261010,20261010                                                                                                                 ,2026-10-10
4682D,0,0,0,0,0,0,1,20261011,20261011                                                                                                                 ,2026-10-10
4683L,1,0,0,0,0,0,0,20261012,20261012                                                                                                                 ,2026-10-10
4684M,0,1,0,0,0,0,0,20261013,20261013                                                                                                                 ,2026-10-10
4685X,0,0,1,0,0,0,0,20261014,20261014                                                                                                                 ,2026-10-10
4686J,0,0,0,1,0,0,0,20261015,20261015                                                                                                                 ,2026-10-10
4687V,0,0,0,0,1,0,0,20261016,20261016                                                                                                                 ,2026-10-10
4688S,0,0,0,0,0,1,0,20261017,20261017                                                                                                                 ,2026-10-10
4689D,0,0,0,0,0,0,1,20261018,20261018                                                                                                                 ,2026-10-10
4690L,1,0,0,0,0,0,0,20261019,20261019                                                                                                                 ,2026-10-10
4691M,0,1,0,0,0,0,0,20261020,20261020                                                                                                                 ,2026-10-10
4692X,0,0,1,0,0,0,0,20261021,20261021                                                                                                                 ,2026-10-10
4693J,0,0,0,1,0,0,0,20261022,20261022                                                                                                                 ,2026-10-10
4694V,0,0,0,0,1,0,0,20261023,20261023                                                                                                                 ,2026-10-10
4695S,0,0,0,0,0,1,0,20261024,20261024                                                                                                                 ,2026-10-10
4696D,0,0,0,0,0,0,1,20261025,20261025                                                                                                                 ,2026-10-10
4697L,1,0,0,0,0,0,0,20261026,20261026                                                                                                                 ,2026-10-10
4698M,0,1,0,0,0,0,0,20261027,20261027                                                                                                                 ,2026-10-10
4699X,0,0,1,0,0,0,0,20261028,20261028                                                                                                                 ,2026-10-10
4701J,0,0,0,1,0,0,0,20261029,20261029                                                                                                                 ,2026-10-10
4702V,0,0,0,0,1,0,0,20261030,20261030                                                                                                                 ,2026-10-10
4703S,0,0,0,0,0,1,0,20261031,20261031                                                                                                                 ,2026-10-10
4704D,0,0,0,0,0,0,1,20261101,20261101                                                                                                                 ,2026-10-10
4705L,1,0,0,0,0,0,0,20261102,20261102                                                                                                                 ,2026-10-10
4706M,0,1,0,0,0,0,0,20261103,20261103                                                                                                                 ,2026-10-10
4707X,0,0,1,0,0,0,0,20261104,20261104                                                                                                                 ,2026-10-10
4708J,0,0,0,1,0,0,0,20261105,20261105                                                                                                                 ,2026-10-10
4709V,0,0,0,0,1,0,0,20261106,20261106                                                                                                                 ,2026-10-10
4710S,0,0,0,0,0,1,0,20261107,20261107                                                                                                                 ,2026-10-10
4711D,0,0,0,0,0,0,1,20261108,20261108                                                                                                                 ,2026-10-10
4781S,0,0,0,0,0,1,0,20261010,20261010                                                                                                                 ,2026-10-10
4782D,0,0,0,0,0,0,1,20261011,20261011                                                                                                                 ,2026-10-10
4783L,1,0,0,0,0,0,0,20261012,20261012                                                                                                                 ,2026-10-10
4784M,0,1,0,0,0,0,0,20261013,20261013                                                                                                                 ,2026-10-10
4785X,0,0,1,0,0,0,0,20261014,20261014                                                                                                                 ,2026-10-10
4786J,0,0,0,1,0,0,0,20261015,20261015                                                                                                                 ,2026-10-10
4787V,0,0,0,0,1,0,0,20261016,20261016                                                                                                                 ,2026-10-10
4788S,0,0,0,0,0,1,0,20261017,20261017                                                                                                                 ,2026-10-10
4789D,0,0,0,0,0,0,1,20261018,20261018                                                                                                                 ,2026-10-10
4790L,1,0,0,0,0,0,0,20261019,20261019                                                                                                                 ,2026-10-10
4791M,0,1,0,0,0,0,0,20261020,20261020                                                                                                                 ,2026-10-10
4792X,0,0,1,0,0,0,0,20261021,20261021                                                                                                                 ,2026-10-10
4793J,0,0,0,1,0,0,0,20261022,20261022                                                                                                                 ,2026-10-10
4794V,0,0,0,0,1,0,0,20261023,20261023                                                                                                                 ,2026-10-10
4795S,0,0,0,0,0,1,0,20261024,20261024                                                                                                                 ,2026-10-10
4796D,0,0,0,0,0,0,1,20261025,20261025                                                                                                                 ,2026-10-10
4797L,1,0,0,0,0,0,0,20261026,20261026                                                                                                                 ,2026-10-10
4798M,0,1,0,0,0,0,0,20261027,20261027                                                                                                                 ,2026-10-10
4799X,0,0,1,0,0,0,0,20261028,20261028                                                                                                                 ,2026-10-10
5101 ,0,0,0,0,0,0,0,20261029,20261029                                                                                                                 ,2026-10-10
5102 ,0,0,0,0,0,0,0,20261030,20261030                                                                                                                 ,2026-10-10
5103 ,0,0,0,0,0,0,0,20261031,20261031                                                                                                                 ,2026-10-10
5104 ,0,0,0,0,0,0,0,20261101,20261101                                                                                                                 ,2026-10-10
5105 ,0,0,0,0,0,0,0,20261102,20261102                                                                                                                 ,2026-10-10
5106 ,0,0,0,0,0,0,0,20261103,20261103                                                                                                                 ,2026-10-10
5107 ,0,0,0,0,0,0,0,20261104,20261104                                                                                                                 ,2026-10-10
5108 ,0,0,0,0,0,0,0,20261105,20261105                                                                                                                 ,2026-10-10
5109 ,0,0,0,0,0,0,0,20261106,20261106                                                                                                                 ,2026-10-10
5110 ,0,0,0,0,0,0,0,20261107,20261107                                                                                                                 ,2026-10-10
5111 ,0,0,0,0,0,0,0,20261108,20261108                                                                                                                 ,2026-10-10
5181S,0,0,0,0,0,1,0,20261010,20261010                                                                                                                 ,2026-10-10
5182D,0,0,0,0,0,0,1,20261011,20261011                                                                                                                 ,2026-10-10
5183L,1,0,0,0,0,0,0,20261012,20261012                                                                                                                 ,2026-10-10
5184M,0,1,0,0,0,0,0,20261013,20261013                                                                                                                 ,2026-10-10
5185X,0,0,1,0,0,0,0,20261014,20261014                                                                                                                 ,2026-10-10
5186J,0,0,0,1,0,0,0,20261015,20261015                                                                                                                 ,2026-10-10
5187V,0,0,0,0,1,0,0,20261016,20261016                                                                                                                 ,2026-10-10
5188S,0,0,0,0,0,1,0,20261017,20261017                                                                                                                 ,2026-10-10
5189D,0,0,0,0,0,0,1,20261018,20261018                                                                                                                 ,2026-10-10
5190L,1,0,0,0,0,0,0,20261019,20261019                                                                                                                 ,2026-10-10
5191M,0,1,0,0,0,0,0,20261020,20261020                                                                                                                 ,2026-10-10
5192X,0,0,1,0,0,0,0,20261021,20261021                                                                                                                 ,2026-10-10
5193 ,0,0,0,0,0,0,0,20261022,20261022                                                                                                                 ,2026-10-10
5194 ,0,0,0,0,0,0,0,20261023,20261023                                                                                                                 ,2026-10-10
5195 ,0,0,0,0,0,0,0,20261024,20261024                                                                                                                 ,2026-10-10
5196 ,0,0,0,0,0,0,0,20261025,20261025                                                                                                                 ,2026-10-10
5197 ,0,0,0,0,0,0,0,20261026,20261026                                                                                                                 ,2026-10-10
5198 ,0,0,0,0,0,0,0,20261027,20261027                                                                                                                 ,2026-10-10
5199 ,0,0,0,0,0,0,0,20261028,20261028                                                                                                                 ,2026-10-10
6001J,0,0,0,1,0,0,0,20261029,20261029                                                                                                                 ,2026-10-10
6002V,0,0,0,0,1,0,0,20261030,20261030                                                                                                                 ,2026-10-10
6003S,0,0,0,0,0,1,0,20261031,20261031                                                                                                                 ,2026-10-10
6004D,0,0,0,0,0,0,1,20261101,20261101                                                                                                                 ,2026-10-10
6005L,1,0,0,0,0,0,0,20261102,20261102                                                                                                                 ,2026-10-10
6006M,0,1,0,0,0,0,0,20261103,20261103                                                                                                                 ,2026-10-10
6007X,0,0,1,0,0,0,0,20261104,20261104                                                                                                                 ,2026-10-10
6008J,0,0,0,1,0,0,0,20261105,20261105                                                                                                                 ,2026-10-10
6009V,0,0,0,0,1,0,0,20261106,20261106                                                                                                                 ,2026-10-10
6010S,0,0,0,0,0,1,0,20261107,20261107                                                                                                                 ,2026-10-10
6011D,0,0,0,0,0,0,1,20261108,20261108                                                                                                                 ,2026-10-10
6081S,0,0,0,0,0,1,0,20261010,20261010                                                                                                                 ,2026-10-10
6082D,0,0,0,0,0,0,1,20261011,20261011                                                                                                                 ,2026-10-10
6083L,1,0,0,0,0,0,0,20261012,20261012                                                                                                                 ,2026-10-10
6084M,0,1,0,0,0,0,0,20261013,20261013                                                                                                                 ,2026-10-10
6085X,0,0,1,0,0,0,0,20261014,20261014                                                                                                                 ,2026-10-10
6086J,0,0,0,1,0,0,0,20261015,20261015                                                                                                                 ,2026-10-10
6087V,0,0,0,0,1,0,0,20261016,20261016                                                                                                                 ,2026-10-10
6088S,0,0,0,0,0,1,0,20261017,20261017                                                                                                                 ,2026-10-10
6089D,0,0,0,0,0,0,1,20261018,20261018                                                                                                                 ,2026-10-10
6090L,1,0,0,0,0,0,0,20261019,20261019                                                                                                                 ,2026-10-10
6091M,0,1,0,0,0,0,0,20261020,20261020                                                                                                                 ,2026-10-10
6092X,0,0,1,0,0,0,0,20261021,20261021                                                                                                                 ,2026-10-10
6093J,0,0,0,1,0,0,0,20261022,20261022                                                                                                                 ,2026-10-10
6094V,0,0,0,0,1,0,0,20261023,20261023                                                                                                                 ,2026-10-10
6095S,0,0,0,0,0,1,0,20261024,20261024                                                                                                                 ,2026-10-10
6096D,0,0,0,0,0,0,1,20261025,20261025                                                                                                                 ,2026-10-10
6097L,1,0,0,0,0,0,0,20261026,20261026                                                                                                                 ,2026-10-10
6098M,0,1,0,0,0,0,0,20261027,20261027                                                                                                                 ,2026-10-10
6099X,0,0,1,0,0,0,0,20261028,20261028                                                                                                                 ,2026-10-10
6101J,0,0,0,1,0,0,0,20261029,20261029                                                                                                                 ,2026-10-10
6102V,0,0,0,0,1,0,0,20261030,20261030                                                                                                                 ,2026-10-10
6103S,0,0,0,0,0,1,0,20261031,20261031                                                                                                                 ,2026-10-10
6104D,0,0,0,0,0,0,1,20261101,20261101                                                                                                                 ,2026-10-10
6105L,1,0,0,0,0,0,0,20261102,20261102                                                                                                                 ,2026-10-10
6106M,0,1,0,0,0,0,0,20261103,20261103                                                                                                                 ,2026-10-10
6107X,0,0,1,0,0,0,0,20261104,20261104                                                                                                                 ,2026-10-10
6108J,0,0,0,1,0,0,0,20261105,20261105                                                                                                                 ,2026-10-10
6109V,0,0,0,0,1,0,0,20261106,20261106                                                                                                                 ,2026-10-10
6110S,0,0,0,0,0,1,0,20261107,20261107                                                                                                                 ,2026-10-10
6111D,0,0,0,0,0,0,1,20261108,20261108                                                                                                                 ,2026-10-10
6181S,0,0,0,0,0,1,0,20261010,20261010                                                                                                                 ,2026-10-10
6182D,0,0,0,0,0,0,1,20261011,20261011                                                                                                                 ,2026-10-10
6183L,1,0,0,0,0,0,0,20261012,20261012                                                                                                                 ,2026-10-10
6184M,0,1,0,0,0,0,0,20261013,20261013                                                                                                                 ,2026-10-10
6185X,0,0,1,0,0,0,0,20261014,20261014                                                                                                                 ,2026-10-10
6186J,0,0,0,1,0,0,0,20261015,20261015                                                                                                                 ,2026-10-10
6187V,0,0,0,0,1,0,0,20261016,20261016                                                                                                                 ,2026-10-10
6188S,0,0,0,0,0,1,0,20261017,20261017                                                                                                                 ,2026-10-10
6189D,0,0,0,0,0,0,1,20261018,20261018                                                                                                                 ,2026-10-10
6190L,1,0,0,0,0,0,0,20261019,20261019                                                                                                                 ,2026-10-10
6191M,0,1,0,0,0,0,0,20261020,20261020                                                                                                                 ,2026-10-10
6192X,0,0,1,0,0,0,0,20261021,20261021                                                                                                                 ,2026-10-10
6193J,0,0,0,1,0,0,0,20261022,20261022                                                                                                                 ,2026-10-10
6194V,0,0,0,0,1,0,0,20261023,20261023                                                                                                                 ,2026-10-10
6195S,0,0,0,0,0,1,0,20261024,20261024                                                                                                                 ,2026-10-10
6196D,0,0,0,0,0,0,1,20261025,20261025                                                                                                                 ,2026-10-10
6197L,1,0,0,0,0,0,0,20261026,20261026                                                                                                                 ,2026-10-10
6198M,0,1,0,0,0,0,0,20261027,20261027                                                                                                                 ,2026-10-10
6199X,0,0,1,0,0,0,0,20261028,20261028                                                                                                                 ,2026-10-10
6201J,0,0,0,1,0,0,0,20261029,20261029                                                                                                                 ,2026-10-10
6202V,0,0,0,0,1,0,0,20261030,20261030                                                                                                                 ,2026-10-10
6203S,0,0,0,0,0,1,0,20261031,20261031                                                                                                                 ,2026-10-10
6204D,0,0,0,0,0,0,1,20261101,20261101                                                                                                                 ,2026-10-10
6205L,1,0,0,0,0,0,0,20261102,20261102                                                                                                                 ,2026-10-10
6206M,0,1,0,0,0,0,0,20261103,20261103                                                                                                                 ,2026-10-10
6207X,0,0,1,0,0,0,0,20261104,20261104                                                                                                                 ,2026-10-10
6208J,0,0,0,1,0,0,0,20261105,20261105                                                                                                                 ,2026-10-10
6209V,0,0,0,0,1,0,0,20261106,20261106                                                                                                                 ,2026-10-10
6210S,0,0,0,0,0,1,0,20261107,20261107                                                                                                                 ,2026-10-10
6211D,0,0,0,0,0,0,1,20261108,20261108                                                                                                                 ,2026-10-10
6281S,0,0,0,0,0,1,0,20261010,20261010                                                                                                                 ,2026-10-10
6282D,0,0,0,0,0,0,1,20261011,20261011                                                                                                                 ,2026-10-10
6283L,1,0,0,0,0,0,0,20261012,20261012                                                                                                                 ,2026-10-10
6284M,0,1,0,0,0,0,0,20261013,20261013                                                                                                                 ,2026-10-10
6285X,0,0,1,0,0,0,0,20261014,20261014                                                                                                                 ,2026-10-10
6286J,0,0,0,1,0,0,0,20261015,20261015                                                                                                                 ,2026-10-10
6287V,0,0,0,0,1,0,0,20261016,20261016                                                                                                                 ,2026-10-10
6288S,0,0,0,0,0,1,0,20261017,20261017                                                                                                                 ,2026-10-10
6289D,0,0,0,0,0,0,1,20261018,20261018                                                                                                                 ,2026-10-10
6290L,1,0,0,0,0,0,0,20261019,20261019                                                                                                                 ,2026-10-10
6291M,0,1,0,0,0,0,0,20261020,20261020                                                                                                                 ,2026-10-10
6292X,0,0,1,0,0,0,0,20261021,20261021                                                                                                                 ,2026-10-10
6293J,0,0,0,1,0,0,0,20261022,20261022                                                                                                                 ,2026-10-10
6294V,0,0,0,0,1,0,0,20261023,20261023                                                                                                                 ,2026-10-10
6295S,0,0,0,0,0,1,0,20261024,20261024                                                                                                                 ,2026-10-10
6296D,0,0,0,0,0,0,1,20261025,20261025                                                                                                                 ,2026-10-10
6297L,1,0,0,0,0,0,0,20261026,20261026                                                                                                                 ,2026-10-10
6298M,0,1,0,0,0,0,0,20261027,20261027                                                                                                                 ,2026-10-10
6299X,0,0,1,0,0,0,0,20261028,20261028                                                                                                                 ,2026-10-10
7001J,0,0,0,1,0,0,0,20261029,20261029                                                                                                                 ,2026-10-10
7002V,0,0,0,0,1,0,0,20261030,20261030                                                                                                                 ,2026-10-10
7003S,0,0,0,0,0,1,0,20261031,20261031                                                                                                                 ,2026-10-10
7004D,0,0,0,0,0,0,1,20261101,20261101                                                                                                                 ,2026-10-10
7005L,1,0,0,0,0,0,0,20261102,20261102                                                                                                                 ,2026-10-10
7006M,0,1,0,0,0,0,0,20261103,20261103                                                                                                                 ,2026-10-10
7007X,0,0,1,0,0,0,0,20261104,20261104                                                                                                                 ,2026-10-10
7008J,0,0,0,1,0,0,0,20261105,20261105                                                                                                                 ,2026-10-10
7009V,0,0,0,0,1,0,0,20261106,20261106                                                                                                                 ,2026-10-10
7010S,0,0,0,0,0,1,0,20261107,20261107                                                                                                                 ,2026-10-10
7011D,0,0,0,0,0,0,1,20261108,20261108                                                                                                                 ,2026-10-10
7081S,0,0,0,0,0,1,0,20261010,20261010                                                                                                                 ,2026-10-10
7082D,0,0,0,0,0,0,1,20261011,20261011                                                                                                                 ,2026-10-10
7083L,1,0,0,0,0,0,0,20261012,20261012                                                                                                                 ,2026-10-10
7084M,0,1,0,0,0,0,0,20261013,20261013                                                                                                                 ,2026-10-10
7085X,0,0,1,0,0,0,0,20261014,20261014                                                                                                                 ,2026-10-10
7086J,0,0,0,1,0,0,0,20261015,20261015                                                                                                                 ,2026-10-10
7087V,0,0,0,0,1,0,0,20261016,20261016                                                                                                                 ,2026-10-10
7088S,0,0,0,0,0,1,0,20261017,20261017                                                                                                                 ,2026-10-10
7089D,0,0,0,0,0,0,1,20261018,20261018                                                                                                                 ,2026-10-10
7090L,1,0,0,0,0,0,0,20261019,20261019                                                                                                                 ,2026-10-10
7091M,0,1,0,0,0,0,0,20261020,20261020                                                                                                                 ,2026-10-10
7092X,0,0,1,0,0,0,0,20261021,20261021                                                                                                                 ,2026-10-10
7093J,0,0,0,1,0,0,0,20261022,20261022                                                                                                                 ,2026-10-10
7094V,0,0,0,0,1,0,0,20261023,20261023                                                                                                                 ,2026-10-10
7095S,0,0,0,0,0,1,0,20261024,20261024                                                                                                                 ,2026-10-10
7096D,0,0,0,0,0,0,1,20261025,20261025                                                                                                                 ,2026-10-10
7097L,1,0,0,0,0,0,0,20261026,20261026                                                                                                                 ,2026-10-10
7098M,0,1,0,0,0,0,0,20261027,20261027                                                                                                                 ,2026-10-10
7099X,0,0,1,0,0,0,0,20261028,20261028                                                                                                                 ,2026-10-10